 datasetid | count 
-----------+-------
     19340 |     2
     19363 |     2
     19364 |     2
     19365 |     2
     19366 |     2
     19367 |     2
     19368 |     2
     19369 |     2
     19370 |     2
     19371 |     2
     19372 |     2
     19373 |     2
     19374 |     2
     19375 |     2
     19376 |     2
     19377 |     2
     19409 |     2
     19412 |     2
     19492 |     2
     19545 |     2
     19571 |     2
     19604 |     2
     19622 |     2
     19626 |     2
     19636 |     2
     19640 |     2
     19654 |     2
     19660 |     2
     19670 |     2
     19676 |     2
     19678 |     2
     19680 |     2
     19684 |     2
     19686 |     2
     19688 |     2
     19690 |     2
     19696 |     2
     19698 |     2
     19700 |     2
     19702 |     2
     19708 |     2
     19710 |     2
     19716 |     2
     19718 |     2
     19720 |     2
     19724 |     2
     19745 |     2
     19749 |     2
     19751 |     2
     19756 |     2
     19792 |     2
     19794 |     2
     20889 |    14
     21429 |    14
     22995 |     2
     39997 |     2
     39998 |     2
     39999 |     2
     40000 |     2
     40001 |     2
     40002 |     2
     40003 |     2
     40004 |     2
     40005 |     2
     40006 |     2
     40007 |     2
     40008 |     2
     40009 |     2
     40010 |     2
     40011 |     2
     40012 |     2
     40013 |     2
     40014 |     2
     40015 |     2
     40016 |     2
     40017 |     2
     40018 |     2
     40019 |     2
     40020 |     2
     40021 |     2
     42783 |     2
     42785 |     2
     49022 |     2
     49023 |     2
     49024 |     2
     49025 |     2
     49026 |     2
     49027 |     2
     49028 |     2
     49029 |     2
     49030 |     2
     49031 |     2
     49032 |     2
     49033 |     2
     49034 |     2
     49035 |     2
     49036 |     2
     49037 |     2
     49038 |     2
     49039 |     2
     49040 |     2
     49041 |     2
     49042 |     2
     49043 |     2
     49044 |     2
     49045 |     2
     49046 |     2
(107 rows)

